Sample	lon	lat	wc2.0_bio_30s_01	wc2.0_bio_30s_02	wc2.0_bio_30s_03	wc2.0_bio_30s_04	wc2.0_bio_30s_05	wc2.0_bio_30s_06	wc2.0_bio_30s_07	wc2.0_bio_30s_08	wc2.0_bio_30s_09	wc2.0_bio_30s_10	wc2.0_bio_30s_11	wc2.0_bio_30s_12	wc2.0_bio_30s_13	wc2.0_bio_30s_14	wc2.0_bio_30s_15	wc2.0_bio_30s_16	wc2.0_bio_30s_17	wc2.0_bio_30s_18	wc2.0_bio_30s_19
01N4486	-96.843017	39.023896	12.44166661	12.40000023	29.87951931	1036.580536	32.29999924	-9.199999809	41.49999905	22.43333308	-0.766666651	24.96666622	-0.766666651	855	134	19	51.91234059	349	69	318	69
01N4491	-96.843017	39.023896	12.44166661	12.40000023	29.87951931	1036.580536	32.29999924	-9.199999809	41.49999905	22.43333308	-0.766666651	24.96666622	-0.766666651	855	134	19	51.91234059	349	69	318	69
01N4492	-96.843017	39.023896	12.44166661	12.40000023	29.87951931	1036.580536	32.29999924	-9.199999809	41.49999905	22.43333308	-0.766666651	24.96666622	-0.766666651	855	134	19	51.91234059	349	69	318	69
01N4493	-96.843017	39.023896	12.44166661	12.40000023	29.87951931	1036.580536	32.29999924	-9.199999809	41.49999905	22.43333308	-0.766666651	24.96666622	-0.766666651	855	134	19	51.91234059	349	69	318	69
02N1424	-96.843017	39.023896	12.44166661	12.40000023	29.87951931	1036.580536	32.29999924	-9.199999809	41.49999905	22.43333308	-0.766666651	24.96666622	-0.766666651	855	134	19	51.91234059	349	69	318	69
02N1427	-96.843017	39.023896	12.44166661	12.40000023	29.87951931	1036.580536	32.29999924	-9.199999809	41.49999905	22.43333308	-0.766666651	24.96666622	-0.766666651	855	134	19	51.91234059	349	69	318	69
02N1428	-96.843017	39.023896	12.44166661	12.40000023	29.87951931	1036.580536	32.29999924	-9.199999809	41.49999905	22.43333308	-0.766666651	24.96666622	-0.766666651	855	134	19	51.91234059	349	69	318	69
02N8390	-122.33528	47.025556	10.24166665	10.25000012	42.18106929	511.9163391	21.70000076	-2.599999905	24.30000067	4.73333323	16.7166667	16.7166667	4.283333341	1231	182	28	53.54379703	533	121	121	486
02N8391	-122.33528	47.025556	10.24166665	10.25000012	42.18106929	511.9163391	21.70000076	-2.599999905	24.30000067	4.73333323	16.7166667	16.7166667	4.283333341	1231	182	28	53.54379703	533	121	121	486
02N8392	-122.33528	47.025556	10.24166665	10.25000012	42.18106929	511.9163391	21.70000076	-2.599999905	24.30000067	4.73333323	16.7166667	16.7166667	4.283333341	1231	182	28	53.54379703	533	121	121	486
02N8420	-122.33528	47.025556	10.24166665	10.25000012	42.18106929	511.9163391	21.70000076	-2.599999905	24.30000067	4.73333323	16.7166667	16.7166667	4.283333341	1231	182	28	53.54379703	533	121	121	486
02N8421	-122.33528	47.025556	10.24166665	10.25000012	42.18106929	511.9163391	21.70000076	-2.599999905	24.30000067	4.73333323	16.7166667	16.7166667	4.283333341	1231	182	28	53.54379703	533	121	121	486
02N8423	-122.33528	47.025556	10.24166665	10.25000012	42.18106929	511.9163391	21.70000076	-2.599999905	24.30000067	4.73333323	16.7166667	16.7166667	4.283333341	1231	182	28	53.54379703	533	121	121	486
02N8425	-122.33528	47.025556	10.24166665	10.25000012	42.18106929	511.9163391	21.70000076	-2.599999905	24.30000067	4.73333323	16.7166667	16.7166667	4.283333341	1231	182	28	53.54379703	533	121	121	486
02N8885	-115.48333	40.2	8.12499999	16.21666672	40.84802719	848.1115427	27.89999962	-11.80000019	39.69999981	-1.016666651	18.43333348	19.0333333	-1.900000095	331	35	14	22.93945488	101	56	61	95
02N8886	-115.48333	40.2	8.12499999	16.21666672	40.84802719	848.1115427	27.89999962	-11.80000019	39.69999981	-1.016666651	18.43333348	19.0333333	-1.900000095	331	35	14	22.93945488	101	56	61	95
02N8887	-115.48333	40.2	8.12499999	16.21666672	40.84802719	848.1115427	27.89999962	-11.80000019	39.69999981	-1.016666651	18.43333348	19.0333333	-1.900000095	331	35	14	22.93945488	101	56	61	95
02N8889	-115.48333	40.2	8.12499999	16.21666672	40.84802719	848.1115427	27.89999962	-11.80000019	39.69999981	-1.016666651	18.43333348	19.0333333	-1.900000095	331	35	14	22.93945488	101	56	61	95
02N8893	-115.48333	40.2	8.12499999	16.21666672	40.84802719	848.1115427	27.89999962	-11.80000019	39.69999981	-1.016666651	18.43333348	19.0333333	-1.900000095	331	35	14	22.93945488	101	56	61	95
02N8895	-115.48333	40.2	8.12499999	16.21666672	40.84802719	848.1115427	27.89999962	-11.80000019	39.69999981	-1.016666651	18.43333348	19.0333333	-1.900000095	331	35	14	22.93945488	101	56	61	95
02N8901	-115.48333	40.2	8.12499999	16.21666672	40.84802719	848.1115427	27.89999962	-11.80000019	39.69999981	-1.016666651	18.43333348	19.0333333	-1.900000095	331	35	14	22.93945488	101	56	61	95
02N8931	-115.48333	40.2	8.12499999	16.21666672	40.84802719	848.1115427	27.89999962	-11.80000019	39.69999981	-1.016666651	18.43333348	19.0333333	-1.900000095	331	35	14	22.93945488	101	56	61	95
03N2087	-118.48202	50.896345	5.841666624	10.3333335	28.62419298	875.120332	22.29999924	-13.80000019	36.09999943	-4.216666758	6.183333476	16.46666638	-5.183333457	993	115	63	22.83249504	337	202	227	297
03N2090	-118.48202	50.896345	5.841666624	10.3333335	28.62419298	875.120332	22.29999924	-13.80000019	36.09999943	-4.216666758	6.183333476	16.46666638	-5.183333457	993	115	63	22.83249504	337	202	227	297
03N2107	-116.966188	51.296346	4.66249992	10.74166655	28.72103384	925.9028064	21.29999924	-16.10000038	37.39999962	-6.283333401	0.26666675	15.71666638	-7.233333369	512	60	25	27.71127141	170	82	147	151
03N2110	-116.966188	51.296346	4.66249992	10.74166655	28.72103384	925.9028064	21.29999924	-16.10000038	37.39999962	-6.283333401	0.26666675	15.71666638	-7.233333369	512	60	25	27.71127141	170	82	147	151
03N6158	-115.48333	40.2	8.12499999	16.21666672	40.84802719	848.1115427	27.89999962	-11.80000019	39.69999981	-1.016666651	18.43333348	19.0333333	-1.900000095	331	35	14	22.93945488	101	56	61	95
03N6159	-115.48333	40.2	8.12499999	16.21666672	40.84802719	848.1115427	27.89999962	-11.80000019	39.69999981	-1.016666651	18.43333348	19.0333333	-1.900000095	331	35	14	22.93945488	101	56	61	95
04N9069	-79.320278	35.116667	16.11666674	13.16666678	38.16425074	771.3752012	33.20000076	-1.299999952	34.50000072	25.46666686	11.53333349	25.46666686	6.366666806	1191	135	75	18.46734023	372	244	372	282
04N9070	-79.320278	35.116667	16.11666674	13.16666678	38.16425074	771.3752012	33.20000076	-1.299999952	34.50000072	25.46666686	11.53333349	25.46666686	6.366666806	1191	135	75	18.46734023	372	244	372	282
09N0194	-79.320278	35.116667	16.11666674	13.16666678	38.16425074	771.3752012	33.20000076	-1.299999952	34.50000072	25.46666686	11.53333349	25.46666686	6.366666806	1191	135	75	18.46734023	372	244	372	282
09N15821	-104.42056	33.476389	15.53333348	18.70000009	43.99999872	860.8118252	36.40000153	-6.099999905	42.50000143	25.21666702	6.816666683	25.95000045	4.783333262	325	62	7	67.17632845	159	26	149	32
09N20305	-85.47163	32.0385	17.96666668	13.63333355	41.94871663	694.8032127	33.90000153	1.399999976	32.50000155	10.63333338	18.73333335	26.21666654	9.133333385	1347	160	65	21.40876882	413	255	348	379
10N17235	-104.42056	33.476389	15.53333348	18.70000009	43.99999872	860.8118252	36.40000153	-6.099999905	42.50000143	25.21666702	6.816666683	25.95000045	4.783333262	325	62	7	67.17632845	159	26	149	32
10N17236	-104.42056	33.476389	15.53333348	18.70000009	43.99999872	860.8118252	36.40000153	-6.099999905	42.50000143	25.21666702	6.816666683	25.95000045	4.783333262	325	62	7	67.17632845	159	26	149	32
11N0358	-104.42056	33.476389	15.53333348	18.70000009	43.99999872	860.8118252	36.40000153	-6.099999905	42.50000143	25.21666702	6.816666683	25.95000045	4.783333262	325	62	7	67.17632845	159	26	149	32
11N0359	-104.42056	33.476389	15.53333348	18.70000009	43.99999872	860.8118252	36.40000153	-6.099999905	42.50000143	25.21666702	6.816666683	25.95000045	4.783333262	325	62	7	67.17632845	159	26	149	32
11N0363	-104.42056	33.476389	15.53333348	18.70000009	43.99999872	860.8118252	36.40000153	-6.099999905	42.50000143	25.21666702	6.816666683	25.95000045	4.783333262	325	62	7	67.17632845	159	26	149	32
11N0364	-104.42056	33.476389	15.53333348	18.70000009	43.99999872	860.8118252	36.40000153	-6.099999905	42.50000143	25.21666702	6.816666683	25.95000045	4.783333262	325	62	7	67.17632845	159	26	149	32
14N0311	-85.47163	32.0385	17.96666668	13.63333355	41.94871663	694.8032127	33.90000153	1.399999976	32.50000155	10.63333338	18.73333335	26.21666654	9.133333385	1347	160	65	21.40876882	413	255	348	379
14N0313	-85.47163	32.0385	17.96666668	13.63333355	41.94871663	694.8032127	33.90000153	1.399999976	32.50000155	10.63333338	18.73333335	26.21666654	9.133333385	1347	160	65	21.40876882	413	255	348	379
16N0001	-122.89942	38.170276	13.52499995	12.73333325	61.21795056	296.1456923	23.29999924	2.5	20.79999924	9.783333182	16.5333333	17.04999987	9.783333182	974	201	3	92.03789568	528	13	20	528
16N0005	-122.89942	38.170276	13.52499995	12.73333325	61.21795056	296.1456923	23.29999924	2.5	20.79999924	9.783333182	16.5333333	17.04999987	9.783333182	974	201	3	92.03789568	528	13	20	528
16N0006	-122.813066	38.060316	13.63749984	12.57499959	61.04368832	300.4929669	23.39999962	2.799999952	20.59999967	9.783333103	16.71666654	17.14999994	9.783333103	979	203	2	93.61575501	541	11	16	541
16N0007	-122.813066	38.060316	13.63749984	12.57499959	61.04368832	300.4929669	23.39999962	2.799999952	20.59999967	9.783333103	16.71666654	17.14999994	9.783333103	979	203	2	93.61575501	541	11	16	541
16N0008	-122.813066	38.060316	13.63749984	12.57499959	61.04368832	300.4929669	23.39999962	2.799999952	20.59999967	9.783333103	16.71666654	17.14999994	9.783333103	979	203	2	93.61575501	541	11	16	541
16N0010	-122.81	38.060316	13.63749984	12.57499959	61.04368832	300.4929669	23.39999962	2.799999952	20.59999967	9.783333103	16.71666654	17.14999994	9.783333103	979	203	2	93.61575501	541	11	16	541
16N0011	-122.813066	38.060316	13.63749984	12.57499959	61.04368832	300.4929669	23.39999962	2.799999952	20.59999967	9.783333103	16.71666654	17.14999994	9.783333103	979	203	2	93.61575501	541	11	16	541
16N0012	-122.813066	38.060316	13.63749984	12.57499959	61.04368832	300.4929669	23.39999962	2.799999952	20.59999967	9.783333103	16.71666654	17.14999994	9.783333103	979	203	2	93.61575501	541	11	16	541
16N0238	-85.324145	42.29692	8.812500002	10.57500012	27.97619066	991.9290771	26.10000038	-11.69999981	37.80000019	19.64999994	-2.533333361	20.69999997	-3.833333333	903	97	39	24.58082287	276	148	270	152
16N0239	-85.324145	42.29692	8.812500002	10.57500012	27.97619066	991.9290771	26.10000038	-11.69999981	37.80000019	19.64999994	-2.533333361	20.69999997	-3.833333333	903	97	39	24.58082287	276	148	270	152
16N0241	-85.324145	42.29692	8.812500002	10.57500012	27.97619066	991.9290771	26.10000038	-11.69999981	37.80000019	19.64999994	-2.533333361	20.69999997	-3.833333333	903	97	39	24.58082287	276	148	270	152
16N0242	-85.324145	42.29692	8.812500002	10.57500012	27.97619066	991.9290771	26.10000038	-11.69999981	37.80000019	19.64999994	-2.533333361	20.69999997	-3.833333333	903	97	39	24.58082287	276	148	270	152
16N0243	-85.548156	42.16689	9.091666795	10.40000012	27.44063384	1003.83318	26.5	-11.39999962	37.89999962	20.11666663	-2.349999766	21.11666663	-3.716666559	910	98	40	24.47429413	284	151	278	156
16N0246	-85.30333	42.296921	8.787500056	10.60833334	28.06437379	993.3326001	26.10000038	-11.69999981	37.80000019	19.63333337	-2.549999932	20.69999997	-3.883333226	901	96	39	24.69409764	275	147	270	151
16N0249	-85.30333	42.296921	8.787500056	10.60833334	28.06437379	993.3326001	26.10000038	-11.69999981	37.80000019	19.63333337	-2.549999932	20.69999997	-3.883333226	901	96	39	24.69409764	275	147	270	151
16N0261	-85.324145	42.29692	8.812500002	10.57500012	27.97619066	991.9290771	26.10000038	-11.69999981	37.80000019	19.64999994	-2.533333361	20.69999997	-3.833333333	903	97	39	24.58082287	276	148	270	152
16N0354	-85.47163	32.0385	17.96666668	13.63333355	41.94871663	694.8032127	33.90000153	1.399999976	32.50000155	10.63333338	18.73333335	26.21666654	9.133333385	1347	160	65	21.40876882	413	255	348	379
16N0356	-85.47163	32.0385	17.96666668	13.63333355	41.94871663	694.8032127	33.90000153	1.399999976	32.50000155	10.63333338	18.73333335	26.21666654	9.133333385	1347	160	65	21.40876882	413	255	348	379
16N0357	-85.47163	32.0385	17.96666668	13.63333355	41.94871663	694.8032127	33.90000153	1.399999976	32.50000155	10.63333338	18.73333335	26.21666654	9.133333385	1347	160	65	21.40876882	413	255	348	379
16N0358	-85.47163	32.0385	17.96666668	13.63333355	41.94871663	694.8032127	33.90000153	1.399999976	32.50000155	10.63333338	18.73333335	26.21666654	9.133333385	1347	160	65	21.40876882	413	255	348	379
16N1052	-84.76145	37.81017	13.01250009	12.441667	33.99362622	871.2950718	30.39999962	-6.199999809	36.59999943	21.48333327	14.00000016	23.49999984	1.900000095	1189	121	73	15.20966731	345	255	320	274
16N1065	-84.76145	37.81017	13.01250009	12.441667	33.99362622	871.2950718	30.39999962	-6.199999809	36.59999943	21.48333327	14.00000016	23.49999984	1.900000095	1189	121	73	15.20966731	345	255	320	274
16N1081	-84.76145	37.81017	13.01250009	12.441667	33.99362622	871.2950718	30.39999962	-6.199999809	36.59999943	21.48333327	14.00000016	23.49999984	1.900000095	1189	121	73	15.20966731	345	255	320	274
16N4237	-77.71511	43.32104	8.6375	9.374999876	26.33426974	954.2634638	25.39999962	-10.19999981	35.59999943	15.81666676	-2.433333377	20.26666673	-3.266666631	809	83	45	16.43585503	230	154	220	167
16N4239	-77.71511	43.32104	8.6375	9.374999876	26.33426974	954.2634638	25.39999962	-10.19999981	35.59999943	15.81666676	-2.433333377	20.26666673	-3.266666631	809	83	45	16.43585503	230	154	220	167
16N4241	-77.71511	43.32104	8.6375	9.374999876	26.33426974	954.2634638	25.39999962	-10.19999981	35.59999943	15.81666676	-2.433333377	20.26666673	-3.266666631	809	83	45	16.43585503	230	154	220	167
16N4248	-77.71829	43.43309	8.941666692	7.183333258	23.55191269	842.2827046	23.39999962	-7.099999905	30.49999952	11.68333324	-0.799999952	19.48333343	-0.899999996	842	89	47	16.81741365	245	161	233	173
16N4250	-77.71829	43.43309	8.941666692	7.183333258	23.55191269	842.2827046	23.39999962	-7.099999905	30.49999952	11.68333324	-0.799999952	19.48333343	-0.899999996	842	89	47	16.81741365	245	161	233	173
16N4251	-77.71829	43.43309	8.941666692	7.183333258	23.55191269	842.2827046	23.39999962	-7.099999905	30.49999952	11.68333324	-0.799999952	19.48333343	-0.899999996	842	89	47	16.81741365	245	161	233	173
16N4253	-77.71829	43.43309	8.941666692	7.183333258	23.55191269	842.2827046	23.39999962	-7.099999905	30.49999952	11.68333324	-0.799999952	19.48333343	-0.899999996	842	89	47	16.81741365	245	161	233	173
16N4254	-77.71829	43.43309	8.941666692	7.183333258	23.55191269	842.2827046	23.39999962	-7.099999905	30.49999952	11.68333324	-0.799999952	19.48333343	-0.899999996	842	89	47	16.81741365	245	161	233	173
16N4255	-77.71829	43.43309	8.941666692	7.183333258	23.55191269	842.2827046	23.39999962	-7.099999905	30.49999952	11.68333324	-0.799999952	19.48333343	-0.899999996	842	89	47	16.81741365	245	161	233	173
16N4261	-85.324145	42.29692	8.812500002	10.57500012	27.97619066	991.9290771	26.10000038	-11.69999981	37.80000019	19.64999994	-2.533333361	20.69999997	-3.833333333	903	97	39	24.58082287	276	148	270	152
16N4287	-84.76145	37.81017	13.01250009	12.441667	33.99362622	871.2950718	30.39999962	-6.199999809	36.59999943	21.48333327	14.00000016	23.49999984	1.900000095	1189	121	73	15.20966731	345	255	320	274
16N4290	-84.76145	37.81017	13.01250009	12.441667	33.99362622	871.2950718	30.39999962	-6.199999809	36.59999943	21.48333327	14.00000016	23.49999984	1.900000095	1189	121	73	15.20966731	345	255	320	274
16N4291	-84.76145	37.81017	13.01250009	12.441667	33.99362622	871.2950718	30.39999962	-6.199999809	36.59999943	21.48333327	14.00000016	23.49999984	1.900000095	1189	121	73	15.20966731	345	255	320	274
16N4292	-84.76145	37.81017	13.01250009	12.441667	33.99362622	871.2950718	30.39999962	-6.199999809	36.59999943	21.48333327	14.00000016	23.49999984	1.900000095	1189	121	73	15.20966731	345	255	320	274
16N4293	-84.76145	37.81017	13.01250009	12.441667	33.99362622	871.2950718	30.39999962	-6.199999809	36.59999943	21.48333327	14.00000016	23.49999984	1.900000095	1189	121	73	15.20966731	345	255	320	274
16N4294	-84.76145	37.81017	13.01250009	12.441667	33.99362622	871.2950718	30.39999962	-6.199999809	36.59999943	21.48333327	14.00000016	23.49999984	1.900000095	1189	121	73	15.20966731	345	255	320	274
16N4301	-117.37135	33.26764	16.81250008	12.37499984	54.03930264	330.6269764	28.79999924	5.900000095	22.89999914	13.33333357	20.20000013	21.14999994	13.08333365	285	55	1	87.44337634	158	6	12	148
16N4302	-117.37135	33.26764	16.81250008	12.37499984	54.03930264	330.6269764	28.79999924	5.900000095	22.89999914	13.33333357	20.20000013	21.14999994	13.08333365	285	55	1	87.44337634	158	6	12	148
16N4303	-117.37135	33.26764	16.81250008	12.37499984	54.03930264	330.6269764	28.79999924	5.900000095	22.89999914	13.33333357	20.20000013	21.14999994	13.08333365	285	55	1	87.44337634	158	6	12	148
16N4305	-117.37135	33.26764	16.81250008	12.37499984	54.03930264	330.6269764	28.79999924	5.900000095	22.89999914	13.33333357	20.20000013	21.14999994	13.08333365	285	55	1	87.44337634	158	6	12	148
16N4307	-117.37135	33.26764	16.81250008	12.37499984	54.03930264	330.6269764	28.79999924	5.900000095	22.89999914	13.33333357	20.20000013	21.14999994	13.08333365	285	55	1	87.44337634	158	6	12	148
16N4312	-117.37135	33.26764	16.81250008	12.37499984	54.03930264	330.6269764	28.79999924	5.900000095	22.89999914	13.33333357	20.20000013	21.14999994	13.08333365	285	55	1	87.44337634	158	6	12	148
16N4313	-122.89942	38.170276	13.52499995	12.73333325	61.21795056	296.1456923	23.29999924	2.5	20.79999924	9.783333182	16.5333333	17.04999987	9.783333182	974	201	3	92.03789568	528	13	20	528
16N4334	-75.646552	40.662535	10.04166657	12.2999997	32.45382457	927.7706239	28.10000038	-9.800000191	37.90000057	18.93333332	-0.683333397	21.2833333	-1.583333373	1162	119	70	13.55213165	334	243	321	243
16N4336	-75.669064	40.655269	10.25833342	12.48333348	32.85087839	928.2971562	28.29999924	-9.699999809	37.99999905	19.13333352	-0.449999968	21.51666673	-1.383333286	1137	117	68	13.89911721	328	237	315	237
16N4337	-75.669064	40.655269	10.25833342	12.48333348	32.85087839	928.2971562	28.29999924	-9.699999809	37.99999905	19.13333352	-0.449999968	21.51666673	-1.383333286	1137	117	68	13.89911721	328	237	315	237
16N4340	-75.669064	40.655269	10.25833342	12.48333348	32.85087839	928.2971562	28.29999924	-9.699999809	37.99999905	19.13333352	-0.449999968	21.51666673	-1.383333286	1137	117	68	13.89911721	328	237	315	237
16N4341	-75.669064	40.655269	10.25833342	12.48333348	32.85087839	928.2971562	28.29999924	-9.699999809	37.99999905	19.13333352	-0.449999968	21.51666673	-1.383333286	1137	117	68	13.89911721	328	237	315	237
16N4342	-75.669064	40.655269	10.25833342	12.48333348	32.85087839	928.2971562	28.29999924	-9.699999809	37.99999905	19.13333352	-0.449999968	21.51666673	-1.383333286	1137	117	68	13.89911721	328	237	315	237
16N4346	-75.669064	40.655269	10.25833342	12.48333348	32.85087839	928.2971562	28.29999924	-9.699999809	37.99999905	19.13333352	-0.449999968	21.51666673	-1.383333286	1137	117	68	13.89911721	328	237	315	237
16N4347	-75.669064	40.655269	10.25833342	12.48333348	32.85087839	928.2971562	28.29999924	-9.699999809	37.99999905	19.13333352	-0.449999968	21.51666673	-1.383333286	1137	117	68	13.89911721	328	237	315	237
16N4348	-75.669064	40.655269	10.25833342	12.48333348	32.85087839	928.2971562	28.29999924	-9.699999809	37.99999905	19.13333352	-0.449999968	21.51666673	-1.383333286	1137	117	68	13.89911721	328	237	315	237
16N4353	-75.654406	40.666279	10	12.3166664	32.49780085	927.3961533	28	-9.899999619	37.89999962	18.88333313	-0.73333319	21.23333343	-1.616666516	1162	119	70	13.55213165	334	243	321	243
17N00997	-132.76124	56.593926	6.166666693	6.58333324	29.78883896	564.5284998	16.39999962	-5.699999809	22.09999943	6.516666777	11.56666652	13.2166667	-0.516666651	3024	470	141	37.6889063	1113	461	488	841
17N01005	-132.76124	56.593926	6.166666693	6.58333324	29.78883896	564.5284998	16.39999962	-5.699999809	22.09999943	6.516666777	11.56666652	13.2166667	-0.516666651	3024	470	141	37.6889063	1113	461	488	841
17N01007	-132.76124	56.593926	6.166666693	6.58333324	29.78883896	564.5284998	16.39999962	-5.699999809	22.09999943	6.516666777	11.56666652	13.2166667	-0.516666651	3024	470	141	37.6889063	1113	461	488	841
17N01013	-132.76124	56.593926	6.166666693	6.58333324	29.78883896	564.5284998	16.39999962	-5.699999809	22.09999943	6.516666777	11.56666652	13.2166667	-0.516666651	3024	470	141	37.6889063	1113	461	488	841
17N01014	-132.76124	56.593926	6.166666693	6.58333324	29.78883896	564.5284998	16.39999962	-5.699999809	22.09999943	6.516666777	11.56666652	13.2166667	-0.516666651	3024	470	141	37.6889063	1113	461	488	841
17N01018	-132.76124	56.593926	6.166666693	6.58333324	29.78883896	564.5284998	16.39999962	-5.699999809	22.09999943	6.516666777	11.56666652	13.2166667	-0.516666651	3024	470	141	37.6889063	1113	461	488	841
17N01020	-132.76124	56.593926	6.166666693	6.58333324	29.78883896	564.5284998	16.39999962	-5.699999809	22.09999943	6.516666777	11.56666652	13.2166667	-0.516666651	3024	470	141	37.6889063	1113	461	488	841
17N02605	-84.76156	37.81017	13.01250009	12.441667	33.99362622	871.2950718	30.39999962	-6.199999809	36.59999943	21.48333327	14.00000016	23.49999984	1.900000095	1189	121	73	15.20966731	345	255	320	274
17N02619	-113.53	47.22	5.329166621	13.00833337	35.4450493	862.9111946	22.10000038	-14.60000038	36.70000076	-4.450000107	15.28333346	16.01666673	-5.383333425	536	70	29	29.44322258	186	98	116	176
17N02620	-113.53	47.22	5.329166621	13.00833337	35.4450493	862.9111946	22.10000038	-14.60000038	36.70000076	-4.450000107	15.28333346	16.01666673	-5.383333425	536	70	29	29.44322258	186	98	116	176
17N02621	-113.53	47.22	5.329166621	13.00833337	35.4450493	862.9111946	22.10000038	-14.60000038	36.70000076	-4.450000107	15.28333346	16.01666673	-5.383333425	536	70	29	29.44322258	186	98	116	176
17N02622	-113.53	47.22	5.329166621	13.00833337	35.4450493	862.9111946	22.10000038	-14.60000038	36.70000076	-4.450000107	15.28333346	16.01666673	-5.383333425	536	70	29	29.44322258	186	98	116	176
17N02623	-112.75	46.41	5.900000088	15.20000014	38.57868	889.7752666	24.60000038	-14.80000019	39.40000057	14.28333342	-2.983333389	16.8500003	-5.183333397	273	45	10	50.27449207	117	38	102	38
17N02625	-113.53	47.22	5.329166621	13.00833337	35.4450493	862.9111946	22.10000038	-14.60000038	36.70000076	-4.450000107	15.28333346	16.01666673	-5.383333425	536	70	29	29.44322258	186	98	116	176
17N02626	-113.53	47.22	5.329166621	13.00833337	35.4450493	862.9111946	22.10000038	-14.60000038	36.70000076	-4.450000107	15.28333346	16.01666673	-5.383333425	536	70	29	29.44322258	186	98	116	176
17N02629	-132.76124	56.593926	6.166666693	6.58333324	29.78883896	564.5284998	16.39999962	-5.699999809	22.09999943	6.516666777	11.56666652	13.2166667	-0.516666651	3024	470	141	37.6889063	1113	461	488	841
17N02630	-132.76124	56.593926	6.166666693	6.58333324	29.78883896	564.5284998	16.39999962	-5.699999809	22.09999943	6.516666777	11.56666652	13.2166667	-0.516666651	3024	470	141	37.6889063	1113	461	488	841
17N02631	-132.76124	56.593926	6.166666693	6.58333324	29.78883896	564.5284998	16.39999962	-5.699999809	22.09999943	6.516666777	11.56666652	13.2166667	-0.516666651	3024	470	141	37.6889063	1113	461	488	841
17N02632	-132.76124	56.593926	6.166666693	6.58333324	29.78883896	564.5284998	16.39999962	-5.699999809	22.09999943	6.516666777	11.56666652	13.2166667	-0.516666651	3024	470	141	37.6889063	1113	461	488	841
17N02642	-132.76124	56.593926	6.166666693	6.58333324	29.78883896	564.5284998	16.39999962	-5.699999809	22.09999943	6.516666777	11.56666652	13.2166667	-0.516666651	3024	470	141	37.6889063	1113	461	488	841
17N02653	-117.37135	33.26764	16.81250008	12.37499984	54.03930264	330.6269764	28.79999924	5.900000095	22.89999914	13.33333357	20.20000013	21.14999994	13.08333365	285	55	1	87.44337634	158	6	12	148
17N02661	-117.37135	33.26764	16.81250008	12.37499984	54.03930264	330.6269764	28.79999924	5.900000095	22.89999914	13.33333357	20.20000013	21.14999994	13.08333365	285	55	1	87.44337634	158	6	12	148
17N02662	-117.37135	33.26764	16.81250008	12.37499984	54.03930264	330.6269764	28.79999924	5.900000095	22.89999914	13.33333357	20.20000013	21.14999994	13.08333365	285	55	1	87.44337634	158	6	12	148
17N02681	-117.37	33.26764	16.81250008	12.37499984	54.03930264	330.6269764	28.79999924	5.900000095	22.89999914	13.33333357	20.20000013	21.14999994	13.08333365	285	55	1	87.44337634	158	6	12	148
17N02809	-118.11	52.91	2.449999991	10.38333319	30.81107877	853.977318	17.79999924	-15.89999962	33.69999886	12.81666652	-2.083333381	12.81666652	-8.199999936	469	66	21	39.83820927	191	71	191	83
17N02810	-118.11	52.91	2.449999991	10.38333319	30.81107877	853.977318	17.79999924	-15.89999962	33.69999886	12.81666652	-2.083333381	12.81666652	-8.199999936	469	66	21	39.83820927	191	71	191	83
17N02811	-104.77	44.38	7.112499878	13.65833319	31.54349523	1047.254248	27.79999924	-15.5	43.29999924	17.29999955	-5.949999988	20.09999975	-5.949999988	390	72	12	61.26183489	183	39	151	39
17N02816	-104.77	44.38	7.112499878	13.65833319	31.54349523	1047.254248	27.79999924	-15.5	43.29999924	17.29999955	-5.949999988	20.09999975	-5.949999988	390	72	12	61.26183489	183	39	151	39
17N02817	-104.77	44.38	7.112499878	13.65833319	31.54349523	1047.254248	27.79999924	-15.5	43.29999924	17.29999955	-5.949999988	20.09999975	-5.949999988	390	72	12	61.26183489	183	39	151	39
17N02819	-104.77	44.38	7.112499878	13.65833319	31.54349523	1047.254248	27.79999924	-15.5	43.29999924	17.29999955	-5.949999988	20.09999975	-5.949999988	390	72	12	61.26183489	183	39	151	39
17N02820	-104.77	44.38	7.112499878	13.65833319	31.54349523	1047.254248	27.79999924	-15.5	43.29999924	17.29999955	-5.949999988	20.09999975	-5.949999988	390	72	12	61.26183489	183	39	151	39
17N02822	-117.37	33.26764	16.81250008	12.37499984	54.03930264	330.6269764	28.79999924	5.900000095	22.89999914	13.33333357	20.20000013	21.14999994	13.08333365	285	55	1	87.44337634	158	6	12	148
17N02826	-104.77	44.38	7.112499878	13.65833319	31.54349523	1047.254248	27.79999924	-15.5	43.29999924	17.29999955	-5.949999988	20.09999975	-5.949999988	390	72	12	61.26183489	183	39	151	39
17N02828	-118.11	52.91	2.449999991	10.38333319	30.81107877	853.977318	17.79999924	-15.89999962	33.69999886	12.81666652	-2.083333381	12.81666652	-8.199999936	469	66	21	39.83820927	191	71	191	83
17N02829	-118.11	52.91	2.449999991	10.38333319	30.81107877	853.977318	17.79999924	-15.89999962	33.69999886	12.81666652	-2.083333381	12.81666652	-8.199999936	469	66	21	39.83820927	191	71	191	83
17N02831	-118.11	52.91	2.449999991	10.38333319	30.81107877	853.977318	17.79999924	-15.89999962	33.69999886	12.81666652	-2.083333381	12.81666652	-8.199999936	469	66	21	39.83820927	191	71	191	83
2700-15676	-85.30333	42.296921	8.787500056	10.60833334	28.06437379	993.3326001	26.10000038	-11.69999981	37.80000019	19.63333337	-2.549999932	20.69999997	-3.883333226	901	96	39	24.69409764	275	147	270	151
2730-70640	-118.11	52.91	2.449999991	10.38333319	30.81107877	853.977318	17.79999924	-15.89999962	33.69999886	12.81666652	-2.083333381	12.81666652	-8.199999936	469	66	21	39.83820927	191	71	191	83
2780-13031	-114.04	46.71	7.754166616	13.45833333	35.98484792	862.5819053	25.10000038	-12.30000019	37.40000057	16.16666663	3.366666585	18.58333333	-2.750000139	323	42	18	28.26564913	108	60	92	78
98N2006	-66.321557	45.930988	5.487500037	10.19166683	25.80168756	1050.895996	23.70000076	-15.80000019	39.50000095	-4.699999968	-2.166666647	18.11666679	-7.966666698	1122	108	82	8.471618838	314	256	267	290
98N2008	-66.321557	45.930988	5.487500037	10.19166683	25.80168756	1050.895996	23.70000076	-15.80000019	39.50000095	-4.699999968	-2.166666647	18.11666679	-7.966666698	1122	108	82	8.471618838	314	256	267	290
98N2009	-66.321557	45.930988	5.487500037	10.19166683	25.80168756	1050.895996	23.70000076	-15.80000019	39.50000095	-4.699999968	-2.166666647	18.11666679	-7.966666698	1122	108	82	8.471618838	314	256	267	290
98N2012	-66.321557	45.930988	5.487500037	10.19166683	25.80168756	1050.895996	23.70000076	-15.80000019	39.50000095	-4.699999968	-2.166666647	18.11666679	-7.966666698	1122	108	82	8.471618838	314	256	267	290
98N2013	-66.321557	45.930988	5.487500037	10.19166683	25.80168756	1050.895996	23.70000076	-15.80000019	39.50000095	-4.699999968	-2.166666647	18.11666679	-7.966666698	1122	108	82	8.471618838	314	256	267	290
98N2016	-66.321557	45.930988	5.487500037	10.19166683	25.80168756	1050.895996	23.70000076	-15.80000019	39.50000095	-4.699999968	-2.166666647	18.11666679	-7.966666698	1122	108	82	8.471618838	314	256	267	290
98N2017	-66.321557	45.930988	5.487500037	10.19166683	25.80168756	1050.895996	23.70000076	-15.80000019	39.50000095	-4.699999968	-2.166666647	18.11666679	-7.966666698	1122	108	82	8.471618838	314	256	267	290
98N2018	-66.321557	45.930988	5.487500037	10.19166683	25.80168756	1050.895996	23.70000076	-15.80000019	39.50000095	-4.699999968	-2.166666647	18.11666679	-7.966666698	1122	108	82	8.471618838	314	256	267	290
98N2021	-66.321557	45.930988	5.487500037	10.19166683	25.80168756	1050.895996	23.70000076	-15.80000019	39.50000095	-4.699999968	-2.166666647	18.11666679	-7.966666698	1122	108	82	8.471618838	314	256	267	290
98N2022	-66.321557	45.930988	5.487500037	10.19166683	25.80168756	1050.895996	23.70000076	-15.80000019	39.50000095	-4.699999968	-2.166666647	18.11666679	-7.966666698	1122	108	82	8.471618838	314	256	267	290
98N2035	-72.539014	48.829764	1.320833335	10.74166648	22.75776851	1297.578961	21.89999962	-25.29999924	47.19999886	14.86666663	-14.35	16.14999978	-15.89999994	847	110	44	27.50078945	291	148	283	164
98N2037	-72.539014	48.829764	1.320833335	10.74166648	22.75776851	1297.578961	21.89999962	-25.29999924	47.19999886	14.86666663	-14.35	16.14999978	-15.89999994	847	110	44	27.50078945	291	148	283	164
98N2039	-72.539014	48.829764	1.320833335	10.74166648	22.75776851	1297.578961	21.89999962	-25.29999924	47.19999886	14.86666663	-14.35	16.14999978	-15.89999994	847	110	44	27.50078945	291	148	283	164
98N2042	-72.539014	48.829764	1.320833335	10.74166648	22.75776851	1297.578961	21.89999962	-25.29999924	47.19999886	14.86666663	-14.35	16.14999978	-15.89999994	847	110	44	27.50078945	291	148	283	164
98N2047	-72.539014	48.829764	1.320833335	10.74166648	22.75776851	1297.578961	21.89999962	-25.29999924	47.19999886	14.86666663	-14.35	16.14999978	-15.89999994	847	110	44	27.50078945	291	148	283	164
98N2051	-72.539014	48.829764	1.320833335	10.74166648	22.75776851	1297.578961	21.89999962	-25.29999924	47.19999886	14.86666663	-14.35	16.14999978	-15.89999994	847	110	44	27.50078945	291	148	283	164
98N2055	-72.539014	48.829764	1.320833335	10.74166648	22.75776851	1297.578961	21.89999962	-25.29999924	47.19999886	14.86666663	-14.35	16.14999978	-15.89999994	847	110	44	27.50078945	291	148	283	164
98N2058	-72.539014	48.829764	1.320833335	10.74166648	22.75776851	1297.578961	21.89999962	-25.29999924	47.19999886	14.86666663	-14.35	16.14999978	-15.89999994	847	110	44	27.50078945	291	148	283	164
98N2061	-79.695588	47.740092	2.379166566	10.85833331	24.07612688	1241.806703	22	-23.10000038	45.10000038	15.61666656	-12.68333335	16.66666651	-13.83333341	812	91	41	23.50965684	263	148	252	150
98N2064	-79.695588	47.740092	2.379166566	10.85833331	24.07612688	1241.806703	22	-23.10000038	45.10000038	15.61666656	-12.68333335	16.66666651	-13.83333341	812	91	41	23.50965684	263	148	252	150
98N2065	-79.695588	47.740092	2.379166566	10.85833331	24.07612688	1241.806703	22	-23.10000038	45.10000038	15.61666656	-12.68333335	16.66666651	-13.83333341	812	91	41	23.50965684	263	148	252	150
98N2072	-79.695588	47.740092	2.379166566	10.85833331	24.07612688	1241.806703	22	-23.10000038	45.10000038	15.61666656	-12.68333335	16.66666651	-13.83333341	812	91	41	23.50965684	263	148	252	150
98N2073	-79.695588	47.740092	2.379166566	10.85833331	24.07612688	1241.806703	22	-23.10000038	45.10000038	15.61666656	-12.68333335	16.66666651	-13.83333341	812	91	41	23.50965684	263	148	252	150
98N2078	-79.695588	47.740092	2.379166566	10.85833331	24.07612688	1241.806703	22	-23.10000038	45.10000038	15.61666656	-12.68333335	16.66666651	-13.83333341	812	91	41	23.50965684	263	148	252	150
98N2086	-79.695588	47.740092	2.379166566	10.85833331	24.07612688	1241.806703	22	-23.10000038	45.10000038	15.61666656	-12.68333335	16.66666651	-13.83333341	812	91	41	23.50965684	263	148	252	150
98N2089	-79.695588	47.740092	2.379166566	10.85833331	24.07612688	1241.806703	22	-23.10000038	45.10000038	15.61666656	-12.68333335	16.66666651	-13.83333341	812	91	41	23.50965684	263	148	252	150
98N2095	-79.695588	47.740092	2.379166566	10.85833331	24.07612688	1241.806703	22	-23.10000038	45.10000038	15.61666656	-12.68333335	16.66666651	-13.83333341	812	91	41	23.50965684	263	148	252	150
99N0579	-108.63333	42.627778	5.37500011	15.1833336	36.23707337	970.2096879	25.89999962	-16	41.89999962	9.316666951	-6.383333415	17.48333351	-6.383333415	298	52	13	45.19814165	122	42	66	42
99N0580	-108.63333	42.627778	5.37500011	15.1833336	36.23707337	970.2096879	25.89999962	-16	41.89999962	9.316666951	-6.383333415	17.48333351	-6.383333415	298	52	13	45.19814165	122	42	66	42
99N0581	-108.63333	42.627778	5.37500011	15.1833336	36.23707337	970.2096879	25.89999962	-16	41.89999962	9.316666951	-6.383333415	17.48333351	-6.383333415	298	52	13	45.19814165	122	42	66	42
99N7114	-79.320278	35.116667	16.11666674	13.16666678	38.16425074	771.3752012	33.20000076	-1.299999952	34.50000072	25.46666686	11.53333349	25.46666686	6.366666806	1191	135	75	18.46734023	372	244	372	282
99N7115	-79.320278	35.116667	16.11666674	13.16666678	38.16425074	771.3752012	33.20000076	-1.299999952	34.50000072	25.46666686	11.53333349	25.46666686	6.366666806	1191	135	75	18.46734023	372	244	372	282
99N7117	-79.320278	35.116667	16.11666674	13.16666678	38.16425074	771.3752012	33.20000076	-1.299999952	34.50000072	25.46666686	11.53333349	25.46666686	6.366666806	1191	135	75	18.46734023	372	244	372	282
99N7118	-79.320278	35.116667	16.11666674	13.16666678	38.16425074	771.3752012	33.20000076	-1.299999952	34.50000072	25.46666686	11.53333349	25.46666686	6.366666806	1191	135	75	18.46734023	372	244	372	282
99N7119	-79.320278	35.116667	16.11666674	13.16666678	38.16425074	771.3752012	33.20000076	-1.299999952	34.50000072	25.46666686	11.53333349	25.46666686	6.366666806	1191	135	75	18.46734023	372	244	372	282
99N7120	-79.320278	35.116667	16.11666674	13.16666678	38.16425074	771.3752012	33.20000076	-1.299999952	34.50000072	25.46666686	11.53333349	25.46666686	6.366666806	1191	135	75	18.46734023	372	244	372	282
AZCOYE15	-110.25609	31.46085	17.22916654	17.02499987	48.92241341	677.9530005	34.5	-0.300000012	34.80000001	24.78333298	20.78333346	25.64999994	9.149999867	424	104	5	85.53740506	240	27	207	89
AZCOYE16	-110.25609	31.46085	17.22916654	17.02499987	48.92241341	677.9530005	34.5	-0.300000012	34.80000001	24.78333298	20.78333346	25.64999994	9.149999867	424	104	5	85.53740506	240	27	207	89
AZCOYE18	-110.25609	31.46085	17.22916654	17.02499987	48.92241341	677.9530005	34.5	-0.300000012	34.80000001	24.78333298	20.78333346	25.64999994	9.149999867	424	104	5	85.53740506	240	27	207	89
AZCOYE19	-110.25609	31.46085	17.22916654	17.02499987	48.92241341	677.9530005	34.5	-0.300000012	34.80000001	24.78333298	20.78333346	25.64999994	9.149999867	424	104	5	85.53740506	240	27	207	89
AZCOYE20	-110.25609	31.46085	17.22916654	17.02499987	48.92241341	677.9530005	34.5	-0.300000012	34.80000001	24.78333298	20.78333346	25.64999994	9.149999867	424	104	5	85.53740506	240	27	207	89
AZCOYE21	-110.25609	31.46085	17.22916654	17.02499987	48.92241341	677.9530005	34.5	-0.300000012	34.80000001	24.78333298	20.78333346	25.64999994	9.149999867	424	104	5	85.53740506	240	27	207	89
AZCOYE22	-110.25609	31.46085	17.22916654	17.02499987	48.92241341	677.9530005	34.5	-0.300000012	34.80000001	24.78333298	20.78333346	25.64999994	9.149999867	424	104	5	85.53740506	240	27	207	89
AZCOYE23	-110.25609	31.46085	17.22916654	17.02499987	48.92241341	677.9530005	34.5	-0.300000012	34.80000001	24.78333298	20.78333346	25.64999994	9.149999867	424	104	5	85.53740506	240	27	207	89
AZCOYE24	-110.25609	31.46085	17.22916654	17.02499987	48.92241341	677.9530005	34.5	-0.300000012	34.80000001	24.78333298	20.78333346	25.64999994	9.149999867	424	104	5	85.53740506	240	27	207	89
AZCOYE27	-110.25609	31.46085	17.22916654	17.02499987	48.92241341	677.9530005	34.5	-0.300000012	34.80000001	24.78333298	20.78333346	25.64999994	9.149999867	424	104	5	85.53740506	240	27	207	89
AZCOYE28	-110.25609	31.46085	17.22916654	17.02499987	48.92241341	677.9530005	34.5	-0.300000012	34.80000001	24.78333298	20.78333346	25.64999994	9.149999867	424	104	5	85.53740506	240	27	207	89
AZCOYE29	-110.25609	31.46085	17.22916654	17.02499987	48.92241341	677.9530005	34.5	-0.300000012	34.80000001	24.78333298	20.78333346	25.64999994	9.149999867	424	104	5	85.53740506	240	27	207	89
BAY_07	-81.381121	27.21894	22.58750025	11.95833365	51.99275069	416.4630724	33.40000153	10.39999962	23.00000191	27.20000045	18.41666698	27.2833341	17.20000013	1227	207	41	61.7941205	578	138	532	152
BRY_12	-81.381121	27.21894	22.58750025	11.95833365	51.99275069	416.4630724	33.40000153	10.39999962	23.00000191	27.20000045	18.41666698	27.2833341	17.20000013	1227	207	41	61.7941205	578	138	532	152
GOM_07	-81.381121	27.21894	22.58750025	11.95833365	51.99275069	416.4630724	33.40000153	10.39999962	23.00000191	27.20000045	18.41666698	27.2833341	17.20000013	1227	207	41	61.7941205	578	138	532	152
MOR_12	-81.381121	27.21894	22.58750025	11.95833365	51.99275069	416.4630724	33.40000153	10.39999962	23.00000191	27.20000045	18.41666698	27.2833341	17.20000013	1227	207	41	61.7941205	578	138	532	152
MRG_07	-81.381121	27.21894	22.58750025	11.95833365	51.99275069	416.4630724	33.40000153	10.39999962	23.00000191	27.20000045	18.41666698	27.2833341	17.20000013	1227	207	41	61.7941205	578	138	532	152
NGO_12	-81.381121	27.21894	22.58750025	11.95833365	51.99275069	416.4630724	33.40000153	10.39999962	23.00000191	27.20000045	18.41666698	27.2833341	17.20000013	1227	207	41	61.7941205	578	138	532	152
OBO_12	-81.381121	27.21894	22.58750025	11.95833365	51.99275069	416.4630724	33.40000153	10.39999962	23.00000191	27.20000045	18.41666698	27.2833341	17.20000013	1227	207	41	61.7941205	578	138	532	152
RAW_07	-81.381121	27.21894	22.58750025	11.95833365	51.99275069	416.4630724	33.40000153	10.39999962	23.00000191	27.20000045	18.41666698	27.2833341	17.20000013	1227	207	41	61.7941205	578	138	532	152
WNM_07	-81.381121	27.21894	22.58750025	11.95833365	51.99275069	416.4630724	33.40000153	10.39999962	23.00000191	27.20000045	18.41666698	27.2833341	17.20000013	1227	207	41	61.7941205	578	138	532	152
WYM_07	-81.381121	27.21894	22.58750025	11.95833365	51.99275069	416.4630724	33.40000153	10.39999962	23.00000191	27.20000045	18.41666698	27.2833341	17.20000013	1227	207	41	61.7941205	578	138	532	152